{
 "cells": [
  {
   "cell_type": "code",
   "execution_count": 1,
   "metadata": {
    "collapsed": true
   },
   "outputs": [],
   "source": [
    "import numpy as np\n",
    "import pandas as pd\n",
    "from sklearn.metrics import log_loss\n",
    "from sklearn.model_selection import StratifiedKFold\n",
    "import pickle\n",
    "from sklearn.linear_model import LogisticRegression\n",
    "    "
   ]
  },
  {
   "cell_type": "code",
   "execution_count": 2,
   "metadata": {
    "collapsed": false
   },
   "outputs": [
    {
     "name": "stdout",
     "output_type": "stream",
     "text": [
      "start loading\n",
      "(49352, 325)\n",
      "(74659, 324)\n"
     ]
    }
   ],
   "source": [
    "#lodaing data\n",
    "data_path = \"/home/raku/kaggleData/2sigma/lr4/\"\n",
    "store= \"/home/raku/kaggleData/2sigma/lr4/\"\n",
    "train_file = data_path + \"lr4-n-train.json\"\n",
    "test_file = data_path + \"lr4-n-test.json\"\n",
    "print 'start loading'\n",
    "train_df = pd.read_json(train_file)\n",
    "test_df = pd.read_json(test_file)\n",
    "print train_df.shape\n",
    "print test_df.shape\n"
   ]
  },
  {
   "cell_type": "code",
   "execution_count": 3,
   "metadata": {
    "collapsed": false
   },
   "outputs": [
    {
     "name": "stdout",
     "output_type": "stream",
     "text": [
      "215\n"
     ]
    }
   ],
   "source": [
    "feature_file = data_path+'lr4features.pickle'\n",
    "fileObject = open(feature_file,'r') \n",
    "features = pickle.load(fileObject)\n",
    "fileObject.close()\n",
    "print len(features)"
   ]
  },
  {
   "cell_type": "code",
   "execution_count": 4,
   "metadata": {
    "collapsed": true
   },
   "outputs": [],
   "source": [
    "target_num_map = {'high':0, 'medium':1, 'low':2}\n",
    "\n",
    "train_y = np.array(train_df['interest_level'].apply(lambda x: target_num_map[x]))\n",
    "\n",
    "#KF=StratifiedKFold(5,shuffle=True,random_state = 2333)\n"
   ]
  },
  {
   "cell_type": "code",
   "execution_count": 5,
   "metadata": {
    "collapsed": false
   },
   "outputs": [
    {
     "name": "stderr",
     "output_type": "stream",
     "text": [
      "/opt/anaconda2/lib/python2.7/site-packages/sklearn/linear_model/base.py:352: RuntimeWarning: overflow encountered in exp\n",
      "  np.exp(prob, prob)\n"
     ]
    }
   ],
   "source": [
    "train_X, test_X = train_df[features].as_matrix(), test_df[features].as_matrix()\n",
    "\n",
    "lr = LogisticRegression()\n",
    "lr.fit(train_X,train_y)\n",
    "preds = lr.predict_proba(test_X)\n",
    "\n",
    "out_df = pd.DataFrame(preds)\n",
    "out_df.columns = [\"high\", \"medium\", \"low\"]\n",
    "out_df[\"listing_id\"] = test_df.listing_id.values\n",
    "out_df.to_json(store+'lr-bulk-out.json')\n"
   ]
  },
  {
   "cell_type": "code",
   "execution_count": 7,
   "metadata": {
    "collapsed": true
   },
   "outputs": [],
   "source": [
    "test_list = pd.read_json('/home/raku/kaggleData/2sigma/test.json')"
   ]
  },
  {
   "cell_type": "code",
   "execution_count": 10,
   "metadata": {
    "collapsed": true
   },
   "outputs": [],
   "source": [
    "out_df[\"listing_id\"]=test_list['listing_id'].values"
   ]
  },
  {
   "cell_type": "code",
   "execution_count": 13,
   "metadata": {
    "collapsed": true
   },
   "outputs": [],
   "source": [
    "out_df.to_json(store+'lr-bulk-out.json')"
   ]
  },
  {
   "cell_type": "code",
   "execution_count": 12,
   "metadata": {
    "collapsed": false
   },
   "outputs": [
    {
     "data": {
      "text/html": [
       "<div>\n",
       "<table border=\"1\" class=\"dataframe\">\n",
       "  <thead>\n",
       "    <tr style=\"text-align: right;\">\n",
       "      <th></th>\n",
       "      <th>high</th>\n",
       "      <th>medium</th>\n",
       "      <th>low</th>\n",
       "      <th>listing_id</th>\n",
       "    </tr>\n",
       "  </thead>\n",
       "  <tbody>\n",
       "    <tr>\n",
       "      <th>0</th>\n",
       "      <td>1.639445e-01</td>\n",
       "      <td>0.605487</td>\n",
       "      <td>0.230569</td>\n",
       "      <td>7142618</td>\n",
       "    </tr>\n",
       "    <tr>\n",
       "      <th>1</th>\n",
       "      <td>7.568368e-03</td>\n",
       "      <td>0.031673</td>\n",
       "      <td>0.960758</td>\n",
       "      <td>7210040</td>\n",
       "    </tr>\n",
       "    <tr>\n",
       "      <th>2</th>\n",
       "      <td>3.654268e-02</td>\n",
       "      <td>0.166275</td>\n",
       "      <td>0.797182</td>\n",
       "      <td>7103890</td>\n",
       "    </tr>\n",
       "    <tr>\n",
       "      <th>3</th>\n",
       "      <td>3.758044e-01</td>\n",
       "      <td>0.567083</td>\n",
       "      <td>0.057113</td>\n",
       "      <td>7143442</td>\n",
       "    </tr>\n",
       "    <tr>\n",
       "      <th>4</th>\n",
       "      <td>2.039906e-02</td>\n",
       "      <td>0.337993</td>\n",
       "      <td>0.641608</td>\n",
       "      <td>6860601</td>\n",
       "    </tr>\n",
       "    <tr>\n",
       "      <th>5</th>\n",
       "      <td>3.814546e-03</td>\n",
       "      <td>0.128714</td>\n",
       "      <td>0.867472</td>\n",
       "      <td>6840081</td>\n",
       "    </tr>\n",
       "    <tr>\n",
       "      <th>6</th>\n",
       "      <td>3.056626e-02</td>\n",
       "      <td>0.204966</td>\n",
       "      <td>0.764467</td>\n",
       "      <td>6922337</td>\n",
       "    </tr>\n",
       "    <tr>\n",
       "      <th>7</th>\n",
       "      <td>2.874578e-02</td>\n",
       "      <td>0.150841</td>\n",
       "      <td>0.820414</td>\n",
       "      <td>6913616</td>\n",
       "    </tr>\n",
       "    <tr>\n",
       "      <th>8</th>\n",
       "      <td>5.880007e-02</td>\n",
       "      <td>0.352055</td>\n",
       "      <td>0.589145</td>\n",
       "      <td>6937820</td>\n",
       "    </tr>\n",
       "    <tr>\n",
       "      <th>9</th>\n",
       "      <td>7.913791e-02</td>\n",
       "      <td>0.385683</td>\n",
       "      <td>0.535180</td>\n",
       "      <td>6893933</td>\n",
       "    </tr>\n",
       "    <tr>\n",
       "      <th>10</th>\n",
       "      <td>4.342295e-04</td>\n",
       "      <td>0.012999</td>\n",
       "      <td>0.986566</td>\n",
       "      <td>6832604</td>\n",
       "    </tr>\n",
       "    <tr>\n",
       "      <th>11</th>\n",
       "      <td>1.289241e-02</td>\n",
       "      <td>0.134853</td>\n",
       "      <td>0.852255</td>\n",
       "      <td>6915282</td>\n",
       "    </tr>\n",
       "    <tr>\n",
       "      <th>12</th>\n",
       "      <td>1.256703e-01</td>\n",
       "      <td>0.575356</td>\n",
       "      <td>0.298974</td>\n",
       "      <td>7127565</td>\n",
       "    </tr>\n",
       "    <tr>\n",
       "      <th>13</th>\n",
       "      <td>8.563879e-03</td>\n",
       "      <td>0.047416</td>\n",
       "      <td>0.944020</td>\n",
       "      <td>6827899</td>\n",
       "    </tr>\n",
       "    <tr>\n",
       "      <th>14</th>\n",
       "      <td>4.004740e-03</td>\n",
       "      <td>0.019369</td>\n",
       "      <td>0.976626</td>\n",
       "      <td>6934855</td>\n",
       "    </tr>\n",
       "    <tr>\n",
       "      <th>15</th>\n",
       "      <td>1.605537e-02</td>\n",
       "      <td>0.201225</td>\n",
       "      <td>0.782719</td>\n",
       "      <td>6861826</td>\n",
       "    </tr>\n",
       "    <tr>\n",
       "      <th>16</th>\n",
       "      <td>8.501597e-02</td>\n",
       "      <td>0.290776</td>\n",
       "      <td>0.624208</td>\n",
       "      <td>6871643</td>\n",
       "    </tr>\n",
       "    <tr>\n",
       "      <th>17</th>\n",
       "      <td>9.125657e-03</td>\n",
       "      <td>0.061273</td>\n",
       "      <td>0.929602</td>\n",
       "      <td>6842542</td>\n",
       "    </tr>\n",
       "    <tr>\n",
       "      <th>18</th>\n",
       "      <td>2.595199e-02</td>\n",
       "      <td>0.095686</td>\n",
       "      <td>0.878362</td>\n",
       "      <td>6934145</td>\n",
       "    </tr>\n",
       "    <tr>\n",
       "      <th>19</th>\n",
       "      <td>1.456181e-01</td>\n",
       "      <td>0.364260</td>\n",
       "      <td>0.490122</td>\n",
       "      <td>6829365</td>\n",
       "    </tr>\n",
       "    <tr>\n",
       "      <th>20</th>\n",
       "      <td>8.115947e-02</td>\n",
       "      <td>0.474353</td>\n",
       "      <td>0.444488</td>\n",
       "      <td>7167858</td>\n",
       "    </tr>\n",
       "    <tr>\n",
       "      <th>21</th>\n",
       "      <td>1.777320e-02</td>\n",
       "      <td>0.087712</td>\n",
       "      <td>0.894515</td>\n",
       "      <td>6859483</td>\n",
       "    </tr>\n",
       "    <tr>\n",
       "      <th>22</th>\n",
       "      <td>1.620561e-02</td>\n",
       "      <td>0.135830</td>\n",
       "      <td>0.847965</td>\n",
       "      <td>6861377</td>\n",
       "    </tr>\n",
       "    <tr>\n",
       "      <th>23</th>\n",
       "      <td>5.314289e-02</td>\n",
       "      <td>0.301515</td>\n",
       "      <td>0.645342</td>\n",
       "      <td>6848960</td>\n",
       "    </tr>\n",
       "    <tr>\n",
       "      <th>24</th>\n",
       "      <td>4.210108e-03</td>\n",
       "      <td>0.044579</td>\n",
       "      <td>0.951211</td>\n",
       "      <td>6918850</td>\n",
       "    </tr>\n",
       "    <tr>\n",
       "      <th>25</th>\n",
       "      <td>2.973986e-01</td>\n",
       "      <td>0.479314</td>\n",
       "      <td>0.223288</td>\n",
       "      <td>6916867</td>\n",
       "    </tr>\n",
       "    <tr>\n",
       "      <th>26</th>\n",
       "      <td>4.531074e-03</td>\n",
       "      <td>0.125203</td>\n",
       "      <td>0.870266</td>\n",
       "      <td>6895840</td>\n",
       "    </tr>\n",
       "    <tr>\n",
       "      <th>27</th>\n",
       "      <td>4.608496e-02</td>\n",
       "      <td>0.162596</td>\n",
       "      <td>0.791319</td>\n",
       "      <td>6813539</td>\n",
       "    </tr>\n",
       "    <tr>\n",
       "      <th>28</th>\n",
       "      <td>5.161286e-01</td>\n",
       "      <td>0.477670</td>\n",
       "      <td>0.006202</td>\n",
       "      <td>7116900</td>\n",
       "    </tr>\n",
       "    <tr>\n",
       "      <th>29</th>\n",
       "      <td>6.532113e-03</td>\n",
       "      <td>0.028000</td>\n",
       "      <td>0.965468</td>\n",
       "      <td>6890328</td>\n",
       "    </tr>\n",
       "    <tr>\n",
       "      <th>...</th>\n",
       "      <td>...</td>\n",
       "      <td>...</td>\n",
       "      <td>...</td>\n",
       "      <td>...</td>\n",
       "    </tr>\n",
       "    <tr>\n",
       "      <th>74629</th>\n",
       "      <td>4.988748e-02</td>\n",
       "      <td>0.313475</td>\n",
       "      <td>0.636638</td>\n",
       "      <td>6855560</td>\n",
       "    </tr>\n",
       "    <tr>\n",
       "      <th>74630</th>\n",
       "      <td>2.357716e-01</td>\n",
       "      <td>0.560345</td>\n",
       "      <td>0.203883</td>\n",
       "      <td>6816731</td>\n",
       "    </tr>\n",
       "    <tr>\n",
       "      <th>74631</th>\n",
       "      <td>1.807351e-02</td>\n",
       "      <td>0.061977</td>\n",
       "      <td>0.919950</td>\n",
       "      <td>6925764</td>\n",
       "    </tr>\n",
       "    <tr>\n",
       "      <th>74632</th>\n",
       "      <td>4.103458e-03</td>\n",
       "      <td>0.050080</td>\n",
       "      <td>0.945817</td>\n",
       "      <td>7139280</td>\n",
       "    </tr>\n",
       "    <tr>\n",
       "      <th>74633</th>\n",
       "      <td>2.242809e-02</td>\n",
       "      <td>0.331570</td>\n",
       "      <td>0.646001</td>\n",
       "      <td>6913068</td>\n",
       "    </tr>\n",
       "    <tr>\n",
       "      <th>74634</th>\n",
       "      <td>3.639288e-03</td>\n",
       "      <td>0.115772</td>\n",
       "      <td>0.880589</td>\n",
       "      <td>6828445</td>\n",
       "    </tr>\n",
       "    <tr>\n",
       "      <th>74635</th>\n",
       "      <td>1.926751e-02</td>\n",
       "      <td>0.253280</td>\n",
       "      <td>0.727453</td>\n",
       "      <td>6867865</td>\n",
       "    </tr>\n",
       "    <tr>\n",
       "      <th>74636</th>\n",
       "      <td>3.856979e-04</td>\n",
       "      <td>0.017279</td>\n",
       "      <td>0.982335</td>\n",
       "      <td>6820397</td>\n",
       "    </tr>\n",
       "    <tr>\n",
       "      <th>74637</th>\n",
       "      <td>4.162366e-01</td>\n",
       "      <td>0.376775</td>\n",
       "      <td>0.206989</td>\n",
       "      <td>6852197</td>\n",
       "    </tr>\n",
       "    <tr>\n",
       "      <th>74638</th>\n",
       "      <td>2.043715e-01</td>\n",
       "      <td>0.673821</td>\n",
       "      <td>0.121808</td>\n",
       "      <td>7122934</td>\n",
       "    </tr>\n",
       "    <tr>\n",
       "      <th>74639</th>\n",
       "      <td>3.125249e-10</td>\n",
       "      <td>0.000128</td>\n",
       "      <td>0.999872</td>\n",
       "      <td>6907838</td>\n",
       "    </tr>\n",
       "    <tr>\n",
       "      <th>74640</th>\n",
       "      <td>1.702501e-03</td>\n",
       "      <td>0.042871</td>\n",
       "      <td>0.955427</td>\n",
       "      <td>6865896</td>\n",
       "    </tr>\n",
       "    <tr>\n",
       "      <th>74641</th>\n",
       "      <td>3.305247e-02</td>\n",
       "      <td>0.247758</td>\n",
       "      <td>0.719189</td>\n",
       "      <td>6840250</td>\n",
       "    </tr>\n",
       "    <tr>\n",
       "      <th>74642</th>\n",
       "      <td>2.126535e-02</td>\n",
       "      <td>0.155569</td>\n",
       "      <td>0.823166</td>\n",
       "      <td>6926011</td>\n",
       "    </tr>\n",
       "    <tr>\n",
       "      <th>74643</th>\n",
       "      <td>2.765901e-02</td>\n",
       "      <td>0.250182</td>\n",
       "      <td>0.722159</td>\n",
       "      <td>6893100</td>\n",
       "    </tr>\n",
       "    <tr>\n",
       "      <th>74644</th>\n",
       "      <td>3.833493e-03</td>\n",
       "      <td>0.093663</td>\n",
       "      <td>0.902503</td>\n",
       "      <td>6867538</td>\n",
       "    </tr>\n",
       "    <tr>\n",
       "      <th>74645</th>\n",
       "      <td>8.754894e-02</td>\n",
       "      <td>0.222646</td>\n",
       "      <td>0.689805</td>\n",
       "      <td>6884360</td>\n",
       "    </tr>\n",
       "    <tr>\n",
       "      <th>74646</th>\n",
       "      <td>3.006408e-02</td>\n",
       "      <td>0.371612</td>\n",
       "      <td>0.598324</td>\n",
       "      <td>6903964</td>\n",
       "    </tr>\n",
       "    <tr>\n",
       "      <th>74647</th>\n",
       "      <td>9.989412e-02</td>\n",
       "      <td>0.345981</td>\n",
       "      <td>0.554125</td>\n",
       "      <td>6907851</td>\n",
       "    </tr>\n",
       "    <tr>\n",
       "      <th>74648</th>\n",
       "      <td>8.132800e-02</td>\n",
       "      <td>0.312116</td>\n",
       "      <td>0.606556</td>\n",
       "      <td>7211166</td>\n",
       "    </tr>\n",
       "    <tr>\n",
       "      <th>74649</th>\n",
       "      <td>3.242185e-01</td>\n",
       "      <td>0.502636</td>\n",
       "      <td>0.173145</td>\n",
       "      <td>6844290</td>\n",
       "    </tr>\n",
       "    <tr>\n",
       "      <th>74650</th>\n",
       "      <td>1.511910e-01</td>\n",
       "      <td>0.435763</td>\n",
       "      <td>0.413046</td>\n",
       "      <td>6947597</td>\n",
       "    </tr>\n",
       "    <tr>\n",
       "      <th>74651</th>\n",
       "      <td>9.773274e-04</td>\n",
       "      <td>0.050683</td>\n",
       "      <td>0.948340</td>\n",
       "      <td>6895423</td>\n",
       "    </tr>\n",
       "    <tr>\n",
       "      <th>74652</th>\n",
       "      <td>2.409181e-02</td>\n",
       "      <td>0.047508</td>\n",
       "      <td>0.928400</td>\n",
       "      <td>6812077</td>\n",
       "    </tr>\n",
       "    <tr>\n",
       "      <th>74653</th>\n",
       "      <td>3.588889e-04</td>\n",
       "      <td>0.006053</td>\n",
       "      <td>0.993588</td>\n",
       "      <td>6903956</td>\n",
       "    </tr>\n",
       "    <tr>\n",
       "      <th>74654</th>\n",
       "      <td>1.985120e-02</td>\n",
       "      <td>0.029198</td>\n",
       "      <td>0.950951</td>\n",
       "      <td>6881005</td>\n",
       "    </tr>\n",
       "    <tr>\n",
       "      <th>74655</th>\n",
       "      <td>3.410576e-04</td>\n",
       "      <td>0.004145</td>\n",
       "      <td>0.995514</td>\n",
       "      <td>6835379</td>\n",
       "    </tr>\n",
       "    <tr>\n",
       "      <th>74656</th>\n",
       "      <td>8.375384e-02</td>\n",
       "      <td>0.350447</td>\n",
       "      <td>0.565799</td>\n",
       "      <td>6882352</td>\n",
       "    </tr>\n",
       "    <tr>\n",
       "      <th>74657</th>\n",
       "      <td>2.642036e-01</td>\n",
       "      <td>0.500191</td>\n",
       "      <td>0.235606</td>\n",
       "      <td>6884758</td>\n",
       "    </tr>\n",
       "    <tr>\n",
       "      <th>74658</th>\n",
       "      <td>3.116271e-02</td>\n",
       "      <td>0.155029</td>\n",
       "      <td>0.813808</td>\n",
       "      <td>6924212</td>\n",
       "    </tr>\n",
       "  </tbody>\n",
       "</table>\n",
       "<p>74659 rows × 4 columns</p>\n",
       "</div>"
      ],
      "text/plain": [
       "               high    medium       low  listing_id\n",
       "0      1.639445e-01  0.605487  0.230569     7142618\n",
       "1      7.568368e-03  0.031673  0.960758     7210040\n",
       "2      3.654268e-02  0.166275  0.797182     7103890\n",
       "3      3.758044e-01  0.567083  0.057113     7143442\n",
       "4      2.039906e-02  0.337993  0.641608     6860601\n",
       "5      3.814546e-03  0.128714  0.867472     6840081\n",
       "6      3.056626e-02  0.204966  0.764467     6922337\n",
       "7      2.874578e-02  0.150841  0.820414     6913616\n",
       "8      5.880007e-02  0.352055  0.589145     6937820\n",
       "9      7.913791e-02  0.385683  0.535180     6893933\n",
       "10     4.342295e-04  0.012999  0.986566     6832604\n",
       "11     1.289241e-02  0.134853  0.852255     6915282\n",
       "12     1.256703e-01  0.575356  0.298974     7127565\n",
       "13     8.563879e-03  0.047416  0.944020     6827899\n",
       "14     4.004740e-03  0.019369  0.976626     6934855\n",
       "15     1.605537e-02  0.201225  0.782719     6861826\n",
       "16     8.501597e-02  0.290776  0.624208     6871643\n",
       "17     9.125657e-03  0.061273  0.929602     6842542\n",
       "18     2.595199e-02  0.095686  0.878362     6934145\n",
       "19     1.456181e-01  0.364260  0.490122     6829365\n",
       "20     8.115947e-02  0.474353  0.444488     7167858\n",
       "21     1.777320e-02  0.087712  0.894515     6859483\n",
       "22     1.620561e-02  0.135830  0.847965     6861377\n",
       "23     5.314289e-02  0.301515  0.645342     6848960\n",
       "24     4.210108e-03  0.044579  0.951211     6918850\n",
       "25     2.973986e-01  0.479314  0.223288     6916867\n",
       "26     4.531074e-03  0.125203  0.870266     6895840\n",
       "27     4.608496e-02  0.162596  0.791319     6813539\n",
       "28     5.161286e-01  0.477670  0.006202     7116900\n",
       "29     6.532113e-03  0.028000  0.965468     6890328\n",
       "...             ...       ...       ...         ...\n",
       "74629  4.988748e-02  0.313475  0.636638     6855560\n",
       "74630  2.357716e-01  0.560345  0.203883     6816731\n",
       "74631  1.807351e-02  0.061977  0.919950     6925764\n",
       "74632  4.103458e-03  0.050080  0.945817     7139280\n",
       "74633  2.242809e-02  0.331570  0.646001     6913068\n",
       "74634  3.639288e-03  0.115772  0.880589     6828445\n",
       "74635  1.926751e-02  0.253280  0.727453     6867865\n",
       "74636  3.856979e-04  0.017279  0.982335     6820397\n",
       "74637  4.162366e-01  0.376775  0.206989     6852197\n",
       "74638  2.043715e-01  0.673821  0.121808     7122934\n",
       "74639  3.125249e-10  0.000128  0.999872     6907838\n",
       "74640  1.702501e-03  0.042871  0.955427     6865896\n",
       "74641  3.305247e-02  0.247758  0.719189     6840250\n",
       "74642  2.126535e-02  0.155569  0.823166     6926011\n",
       "74643  2.765901e-02  0.250182  0.722159     6893100\n",
       "74644  3.833493e-03  0.093663  0.902503     6867538\n",
       "74645  8.754894e-02  0.222646  0.689805     6884360\n",
       "74646  3.006408e-02  0.371612  0.598324     6903964\n",
       "74647  9.989412e-02  0.345981  0.554125     6907851\n",
       "74648  8.132800e-02  0.312116  0.606556     7211166\n",
       "74649  3.242185e-01  0.502636  0.173145     6844290\n",
       "74650  1.511910e-01  0.435763  0.413046     6947597\n",
       "74651  9.773274e-04  0.050683  0.948340     6895423\n",
       "74652  2.409181e-02  0.047508  0.928400     6812077\n",
       "74653  3.588889e-04  0.006053  0.993588     6903956\n",
       "74654  1.985120e-02  0.029198  0.950951     6881005\n",
       "74655  3.410576e-04  0.004145  0.995514     6835379\n",
       "74656  8.375384e-02  0.350447  0.565799     6882352\n",
       "74657  2.642036e-01  0.500191  0.235606     6884758\n",
       "74658  3.116271e-02  0.155029  0.813808     6924212\n",
       "\n",
       "[74659 rows x 4 columns]"
      ]
     },
     "execution_count": 12,
     "metadata": {},
     "output_type": "execute_result"
    }
   ],
   "source": [
    "out_df"
   ]
  }
 ],
 "metadata": {
  "kernelspec": {
   "display_name": "Python 2",
   "language": "python",
   "name": "python2"
  },
  "language_info": {
   "codemirror_mode": {
    "name": "ipython",
    "version": 2
   },
   "file_extension": ".py",
   "mimetype": "text/x-python",
   "name": "python",
   "nbconvert_exporter": "python",
   "pygments_lexer": "ipython2",
   "version": "2.7.13"
  }
 },
 "nbformat": 4,
 "nbformat_minor": 2
}
