{
 "cells": [
  {
   "cell_type": "code",
   "execution_count": 1,
   "metadata": {
    "collapsed": true
   },
   "outputs": [],
   "source": [
    "import pandas as pd"
   ]
  },
  {
   "cell_type": "code",
   "execution_count": 3,
   "metadata": {
    "collapsed": false
   },
   "outputs": [],
   "source": [
    "out_df = pd.read_csv('xgb_beta1point42-0.02.csv')"
   ]
  },
  {
   "cell_type": "code",
   "execution_count": 5,
   "metadata": {
    "collapsed": true
   },
   "outputs": [],
   "source": [
    "store = \"/home/raku/kaggleData/2sigma/xgb142/\"\n",
    "out_df.to_json(store+'xgb142-bulk-out.json')"
   ]
  },
  {
   "cell_type": "code",
   "execution_count": 6,
   "metadata": {
    "collapsed": false
   },
   "outputs": [
    {
     "data": {
      "text/html": [
       "<div>\n",
       "<table border=\"1\" class=\"dataframe\">\n",
       "  <thead>\n",
       "    <tr style=\"text-align: right;\">\n",
       "      <th></th>\n",
       "      <th>high</th>\n",
       "      <th>medium</th>\n",
       "      <th>low</th>\n",
       "      <th>listing_id</th>\n",
       "    </tr>\n",
       "  </thead>\n",
       "  <tbody>\n",
       "    <tr>\n",
       "      <th>0</th>\n",
       "      <td>0.207997</td>\n",
       "      <td>0.628065</td>\n",
       "      <td>0.163938</td>\n",
       "      <td>7142618</td>\n",
       "    </tr>\n",
       "    <tr>\n",
       "      <th>1</th>\n",
       "      <td>0.021784</td>\n",
       "      <td>0.037871</td>\n",
       "      <td>0.940345</td>\n",
       "      <td>7210040</td>\n",
       "    </tr>\n",
       "    <tr>\n",
       "      <th>2</th>\n",
       "      <td>0.014321</td>\n",
       "      <td>0.247296</td>\n",
       "      <td>0.738383</td>\n",
       "      <td>7103890</td>\n",
       "    </tr>\n",
       "    <tr>\n",
       "      <th>3</th>\n",
       "      <td>0.268821</td>\n",
       "      <td>0.541959</td>\n",
       "      <td>0.189220</td>\n",
       "      <td>7143442</td>\n",
       "    </tr>\n",
       "    <tr>\n",
       "      <th>4</th>\n",
       "      <td>0.025699</td>\n",
       "      <td>0.262792</td>\n",
       "      <td>0.711509</td>\n",
       "      <td>6860601</td>\n",
       "    </tr>\n",
       "    <tr>\n",
       "      <th>5</th>\n",
       "      <td>0.001074</td>\n",
       "      <td>0.031153</td>\n",
       "      <td>0.967773</td>\n",
       "      <td>6840081</td>\n",
       "    </tr>\n",
       "    <tr>\n",
       "      <th>6</th>\n",
       "      <td>0.013516</td>\n",
       "      <td>0.223448</td>\n",
       "      <td>0.763036</td>\n",
       "      <td>6922337</td>\n",
       "    </tr>\n",
       "    <tr>\n",
       "      <th>7</th>\n",
       "      <td>0.040743</td>\n",
       "      <td>0.435749</td>\n",
       "      <td>0.523507</td>\n",
       "      <td>6913616</td>\n",
       "    </tr>\n",
       "    <tr>\n",
       "      <th>8</th>\n",
       "      <td>0.034639</td>\n",
       "      <td>0.333043</td>\n",
       "      <td>0.632319</td>\n",
       "      <td>6937820</td>\n",
       "    </tr>\n",
       "    <tr>\n",
       "      <th>9</th>\n",
       "      <td>0.053302</td>\n",
       "      <td>0.474723</td>\n",
       "      <td>0.471975</td>\n",
       "      <td>6893933</td>\n",
       "    </tr>\n",
       "    <tr>\n",
       "      <th>10</th>\n",
       "      <td>0.000962</td>\n",
       "      <td>0.004532</td>\n",
       "      <td>0.994506</td>\n",
       "      <td>6832604</td>\n",
       "    </tr>\n",
       "    <tr>\n",
       "      <th>11</th>\n",
       "      <td>0.009566</td>\n",
       "      <td>0.096655</td>\n",
       "      <td>0.893779</td>\n",
       "      <td>6915282</td>\n",
       "    </tr>\n",
       "    <tr>\n",
       "      <th>12</th>\n",
       "      <td>0.133525</td>\n",
       "      <td>0.646612</td>\n",
       "      <td>0.219864</td>\n",
       "      <td>7127565</td>\n",
       "    </tr>\n",
       "    <tr>\n",
       "      <th>13</th>\n",
       "      <td>0.002212</td>\n",
       "      <td>0.033024</td>\n",
       "      <td>0.964764</td>\n",
       "      <td>6827899</td>\n",
       "    </tr>\n",
       "    <tr>\n",
       "      <th>14</th>\n",
       "      <td>0.000090</td>\n",
       "      <td>0.001657</td>\n",
       "      <td>0.998252</td>\n",
       "      <td>6934855</td>\n",
       "    </tr>\n",
       "    <tr>\n",
       "      <th>15</th>\n",
       "      <td>0.007022</td>\n",
       "      <td>0.161408</td>\n",
       "      <td>0.831570</td>\n",
       "      <td>6861826</td>\n",
       "    </tr>\n",
       "    <tr>\n",
       "      <th>16</th>\n",
       "      <td>0.051086</td>\n",
       "      <td>0.324009</td>\n",
       "      <td>0.624905</td>\n",
       "      <td>6871643</td>\n",
       "    </tr>\n",
       "    <tr>\n",
       "      <th>17</th>\n",
       "      <td>0.000888</td>\n",
       "      <td>0.014515</td>\n",
       "      <td>0.984597</td>\n",
       "      <td>6842542</td>\n",
       "    </tr>\n",
       "    <tr>\n",
       "      <th>18</th>\n",
       "      <td>0.005195</td>\n",
       "      <td>0.052155</td>\n",
       "      <td>0.942649</td>\n",
       "      <td>6934145</td>\n",
       "    </tr>\n",
       "    <tr>\n",
       "      <th>19</th>\n",
       "      <td>0.088982</td>\n",
       "      <td>0.436816</td>\n",
       "      <td>0.474202</td>\n",
       "      <td>6829365</td>\n",
       "    </tr>\n",
       "    <tr>\n",
       "      <th>20</th>\n",
       "      <td>0.079594</td>\n",
       "      <td>0.471593</td>\n",
       "      <td>0.448812</td>\n",
       "      <td>7167858</td>\n",
       "    </tr>\n",
       "    <tr>\n",
       "      <th>21</th>\n",
       "      <td>0.000539</td>\n",
       "      <td>0.010298</td>\n",
       "      <td>0.989163</td>\n",
       "      <td>6859483</td>\n",
       "    </tr>\n",
       "    <tr>\n",
       "      <th>22</th>\n",
       "      <td>0.007068</td>\n",
       "      <td>0.073683</td>\n",
       "      <td>0.919250</td>\n",
       "      <td>6861377</td>\n",
       "    </tr>\n",
       "    <tr>\n",
       "      <th>23</th>\n",
       "      <td>0.074194</td>\n",
       "      <td>0.194014</td>\n",
       "      <td>0.731792</td>\n",
       "      <td>6848960</td>\n",
       "    </tr>\n",
       "    <tr>\n",
       "      <th>24</th>\n",
       "      <td>0.000126</td>\n",
       "      <td>0.007061</td>\n",
       "      <td>0.992813</td>\n",
       "      <td>6918850</td>\n",
       "    </tr>\n",
       "    <tr>\n",
       "      <th>25</th>\n",
       "      <td>0.290027</td>\n",
       "      <td>0.523920</td>\n",
       "      <td>0.186053</td>\n",
       "      <td>6916867</td>\n",
       "    </tr>\n",
       "    <tr>\n",
       "      <th>26</th>\n",
       "      <td>0.004917</td>\n",
       "      <td>0.085863</td>\n",
       "      <td>0.909220</td>\n",
       "      <td>6895840</td>\n",
       "    </tr>\n",
       "    <tr>\n",
       "      <th>27</th>\n",
       "      <td>0.154086</td>\n",
       "      <td>0.277739</td>\n",
       "      <td>0.568175</td>\n",
       "      <td>6813539</td>\n",
       "    </tr>\n",
       "    <tr>\n",
       "      <th>28</th>\n",
       "      <td>0.620409</td>\n",
       "      <td>0.337636</td>\n",
       "      <td>0.041955</td>\n",
       "      <td>7116900</td>\n",
       "    </tr>\n",
       "    <tr>\n",
       "      <th>29</th>\n",
       "      <td>0.001945</td>\n",
       "      <td>0.006093</td>\n",
       "      <td>0.991963</td>\n",
       "      <td>6890328</td>\n",
       "    </tr>\n",
       "    <tr>\n",
       "      <th>...</th>\n",
       "      <td>...</td>\n",
       "      <td>...</td>\n",
       "      <td>...</td>\n",
       "      <td>...</td>\n",
       "    </tr>\n",
       "    <tr>\n",
       "      <th>74629</th>\n",
       "      <td>0.034707</td>\n",
       "      <td>0.459110</td>\n",
       "      <td>0.506182</td>\n",
       "      <td>6855560</td>\n",
       "    </tr>\n",
       "    <tr>\n",
       "      <th>74630</th>\n",
       "      <td>0.102766</td>\n",
       "      <td>0.566658</td>\n",
       "      <td>0.330576</td>\n",
       "      <td>6816731</td>\n",
       "    </tr>\n",
       "    <tr>\n",
       "      <th>74631</th>\n",
       "      <td>0.001999</td>\n",
       "      <td>0.051778</td>\n",
       "      <td>0.946223</td>\n",
       "      <td>6925764</td>\n",
       "    </tr>\n",
       "    <tr>\n",
       "      <th>74632</th>\n",
       "      <td>0.001225</td>\n",
       "      <td>0.018772</td>\n",
       "      <td>0.980003</td>\n",
       "      <td>7139280</td>\n",
       "    </tr>\n",
       "    <tr>\n",
       "      <th>74633</th>\n",
       "      <td>0.006358</td>\n",
       "      <td>0.372323</td>\n",
       "      <td>0.621319</td>\n",
       "      <td>6913068</td>\n",
       "    </tr>\n",
       "    <tr>\n",
       "      <th>74634</th>\n",
       "      <td>0.000352</td>\n",
       "      <td>0.038974</td>\n",
       "      <td>0.960674</td>\n",
       "      <td>6828445</td>\n",
       "    </tr>\n",
       "    <tr>\n",
       "      <th>74635</th>\n",
       "      <td>0.086790</td>\n",
       "      <td>0.354625</td>\n",
       "      <td>0.558585</td>\n",
       "      <td>6867865</td>\n",
       "    </tr>\n",
       "    <tr>\n",
       "      <th>74636</th>\n",
       "      <td>0.000280</td>\n",
       "      <td>0.010103</td>\n",
       "      <td>0.989618</td>\n",
       "      <td>6820397</td>\n",
       "    </tr>\n",
       "    <tr>\n",
       "      <th>74637</th>\n",
       "      <td>0.066502</td>\n",
       "      <td>0.670582</td>\n",
       "      <td>0.262916</td>\n",
       "      <td>6852197</td>\n",
       "    </tr>\n",
       "    <tr>\n",
       "      <th>74638</th>\n",
       "      <td>0.125141</td>\n",
       "      <td>0.663850</td>\n",
       "      <td>0.211009</td>\n",
       "      <td>7122934</td>\n",
       "    </tr>\n",
       "    <tr>\n",
       "      <th>74639</th>\n",
       "      <td>0.000057</td>\n",
       "      <td>0.002319</td>\n",
       "      <td>0.997625</td>\n",
       "      <td>6907838</td>\n",
       "    </tr>\n",
       "    <tr>\n",
       "      <th>74640</th>\n",
       "      <td>0.000055</td>\n",
       "      <td>0.003544</td>\n",
       "      <td>0.996401</td>\n",
       "      <td>6865896</td>\n",
       "    </tr>\n",
       "    <tr>\n",
       "      <th>74641</th>\n",
       "      <td>0.039139</td>\n",
       "      <td>0.302530</td>\n",
       "      <td>0.658331</td>\n",
       "      <td>6840250</td>\n",
       "    </tr>\n",
       "    <tr>\n",
       "      <th>74642</th>\n",
       "      <td>0.012307</td>\n",
       "      <td>0.130543</td>\n",
       "      <td>0.857150</td>\n",
       "      <td>6926011</td>\n",
       "    </tr>\n",
       "    <tr>\n",
       "      <th>74643</th>\n",
       "      <td>0.002735</td>\n",
       "      <td>0.097540</td>\n",
       "      <td>0.899725</td>\n",
       "      <td>6893100</td>\n",
       "    </tr>\n",
       "    <tr>\n",
       "      <th>74644</th>\n",
       "      <td>0.000360</td>\n",
       "      <td>0.014296</td>\n",
       "      <td>0.985344</td>\n",
       "      <td>6867538</td>\n",
       "    </tr>\n",
       "    <tr>\n",
       "      <th>74645</th>\n",
       "      <td>0.288213</td>\n",
       "      <td>0.444301</td>\n",
       "      <td>0.267486</td>\n",
       "      <td>6884360</td>\n",
       "    </tr>\n",
       "    <tr>\n",
       "      <th>74646</th>\n",
       "      <td>0.072981</td>\n",
       "      <td>0.595216</td>\n",
       "      <td>0.331803</td>\n",
       "      <td>6903964</td>\n",
       "    </tr>\n",
       "    <tr>\n",
       "      <th>74647</th>\n",
       "      <td>0.083720</td>\n",
       "      <td>0.369514</td>\n",
       "      <td>0.546766</td>\n",
       "      <td>6907851</td>\n",
       "    </tr>\n",
       "    <tr>\n",
       "      <th>74648</th>\n",
       "      <td>0.075253</td>\n",
       "      <td>0.369585</td>\n",
       "      <td>0.555161</td>\n",
       "      <td>7211166</td>\n",
       "    </tr>\n",
       "    <tr>\n",
       "      <th>74649</th>\n",
       "      <td>0.324635</td>\n",
       "      <td>0.496709</td>\n",
       "      <td>0.178656</td>\n",
       "      <td>6844290</td>\n",
       "    </tr>\n",
       "    <tr>\n",
       "      <th>74650</th>\n",
       "      <td>0.332741</td>\n",
       "      <td>0.485955</td>\n",
       "      <td>0.181304</td>\n",
       "      <td>6947597</td>\n",
       "    </tr>\n",
       "    <tr>\n",
       "      <th>74651</th>\n",
       "      <td>0.000356</td>\n",
       "      <td>0.104158</td>\n",
       "      <td>0.895486</td>\n",
       "      <td>6895423</td>\n",
       "    </tr>\n",
       "    <tr>\n",
       "      <th>74652</th>\n",
       "      <td>0.008834</td>\n",
       "      <td>0.044440</td>\n",
       "      <td>0.946726</td>\n",
       "      <td>6812077</td>\n",
       "    </tr>\n",
       "    <tr>\n",
       "      <th>74653</th>\n",
       "      <td>0.000021</td>\n",
       "      <td>0.000542</td>\n",
       "      <td>0.999436</td>\n",
       "      <td>6903956</td>\n",
       "    </tr>\n",
       "    <tr>\n",
       "      <th>74654</th>\n",
       "      <td>0.026071</td>\n",
       "      <td>0.178195</td>\n",
       "      <td>0.795734</td>\n",
       "      <td>6881005</td>\n",
       "    </tr>\n",
       "    <tr>\n",
       "      <th>74655</th>\n",
       "      <td>0.000033</td>\n",
       "      <td>0.000378</td>\n",
       "      <td>0.999589</td>\n",
       "      <td>6835379</td>\n",
       "    </tr>\n",
       "    <tr>\n",
       "      <th>74656</th>\n",
       "      <td>0.150853</td>\n",
       "      <td>0.439062</td>\n",
       "      <td>0.410085</td>\n",
       "      <td>6882352</td>\n",
       "    </tr>\n",
       "    <tr>\n",
       "      <th>74657</th>\n",
       "      <td>0.213993</td>\n",
       "      <td>0.646569</td>\n",
       "      <td>0.139439</td>\n",
       "      <td>6884758</td>\n",
       "    </tr>\n",
       "    <tr>\n",
       "      <th>74658</th>\n",
       "      <td>0.008486</td>\n",
       "      <td>0.166081</td>\n",
       "      <td>0.825433</td>\n",
       "      <td>6924212</td>\n",
       "    </tr>\n",
       "  </tbody>\n",
       "</table>\n",
       "<p>74659 rows × 4 columns</p>\n",
       "</div>"
      ],
      "text/plain": [
       "           high    medium       low  listing_id\n",
       "0      0.207997  0.628065  0.163938     7142618\n",
       "1      0.021784  0.037871  0.940345     7210040\n",
       "2      0.014321  0.247296  0.738383     7103890\n",
       "3      0.268821  0.541959  0.189220     7143442\n",
       "4      0.025699  0.262792  0.711509     6860601\n",
       "5      0.001074  0.031153  0.967773     6840081\n",
       "6      0.013516  0.223448  0.763036     6922337\n",
       "7      0.040743  0.435749  0.523507     6913616\n",
       "8      0.034639  0.333043  0.632319     6937820\n",
       "9      0.053302  0.474723  0.471975     6893933\n",
       "10     0.000962  0.004532  0.994506     6832604\n",
       "11     0.009566  0.096655  0.893779     6915282\n",
       "12     0.133525  0.646612  0.219864     7127565\n",
       "13     0.002212  0.033024  0.964764     6827899\n",
       "14     0.000090  0.001657  0.998252     6934855\n",
       "15     0.007022  0.161408  0.831570     6861826\n",
       "16     0.051086  0.324009  0.624905     6871643\n",
       "17     0.000888  0.014515  0.984597     6842542\n",
       "18     0.005195  0.052155  0.942649     6934145\n",
       "19     0.088982  0.436816  0.474202     6829365\n",
       "20     0.079594  0.471593  0.448812     7167858\n",
       "21     0.000539  0.010298  0.989163     6859483\n",
       "22     0.007068  0.073683  0.919250     6861377\n",
       "23     0.074194  0.194014  0.731792     6848960\n",
       "24     0.000126  0.007061  0.992813     6918850\n",
       "25     0.290027  0.523920  0.186053     6916867\n",
       "26     0.004917  0.085863  0.909220     6895840\n",
       "27     0.154086  0.277739  0.568175     6813539\n",
       "28     0.620409  0.337636  0.041955     7116900\n",
       "29     0.001945  0.006093  0.991963     6890328\n",
       "...         ...       ...       ...         ...\n",
       "74629  0.034707  0.459110  0.506182     6855560\n",
       "74630  0.102766  0.566658  0.330576     6816731\n",
       "74631  0.001999  0.051778  0.946223     6925764\n",
       "74632  0.001225  0.018772  0.980003     7139280\n",
       "74633  0.006358  0.372323  0.621319     6913068\n",
       "74634  0.000352  0.038974  0.960674     6828445\n",
       "74635  0.086790  0.354625  0.558585     6867865\n",
       "74636  0.000280  0.010103  0.989618     6820397\n",
       "74637  0.066502  0.670582  0.262916     6852197\n",
       "74638  0.125141  0.663850  0.211009     7122934\n",
       "74639  0.000057  0.002319  0.997625     6907838\n",
       "74640  0.000055  0.003544  0.996401     6865896\n",
       "74641  0.039139  0.302530  0.658331     6840250\n",
       "74642  0.012307  0.130543  0.857150     6926011\n",
       "74643  0.002735  0.097540  0.899725     6893100\n",
       "74644  0.000360  0.014296  0.985344     6867538\n",
       "74645  0.288213  0.444301  0.267486     6884360\n",
       "74646  0.072981  0.595216  0.331803     6903964\n",
       "74647  0.083720  0.369514  0.546766     6907851\n",
       "74648  0.075253  0.369585  0.555161     7211166\n",
       "74649  0.324635  0.496709  0.178656     6844290\n",
       "74650  0.332741  0.485955  0.181304     6947597\n",
       "74651  0.000356  0.104158  0.895486     6895423\n",
       "74652  0.008834  0.044440  0.946726     6812077\n",
       "74653  0.000021  0.000542  0.999436     6903956\n",
       "74654  0.026071  0.178195  0.795734     6881005\n",
       "74655  0.000033  0.000378  0.999589     6835379\n",
       "74656  0.150853  0.439062  0.410085     6882352\n",
       "74657  0.213993  0.646569  0.139439     6884758\n",
       "74658  0.008486  0.166081  0.825433     6924212\n",
       "\n",
       "[74659 rows x 4 columns]"
      ]
     },
     "execution_count": 6,
     "metadata": {},
     "output_type": "execute_result"
    }
   ],
   "source": [
    "out_df"
   ]
  }
 ],
 "metadata": {
  "kernelspec": {
   "display_name": "Python 2",
   "language": "python",
   "name": "python2"
  },
  "language_info": {
   "codemirror_mode": {
    "name": "ipython",
    "version": 2
   },
   "file_extension": ".py",
   "mimetype": "text/x-python",
   "name": "python",
   "nbconvert_exporter": "python",
   "pygments_lexer": "ipython2",
   "version": "2.7.13"
  }
 },
 "nbformat": 4,
 "nbformat_minor": 2
}
